,DATE,SWU_Wm2,DIR_Wm2,DIF_Wm2
0,2019-10-01,0,0.0,-3.0
1440,2019-10-02,0,0.0,-2.0
2880,2019-10-03,0,0.0,-2.0
4320,2019-10-04,0,0.0,-3.0
5760,2019-10-05,0,0.0,-2.0
7200,2019-10-06,0,0.0,-3.0
8640,2019-10-07,0,0.0,-3.0
10080,2019-10-08,0,0.0,-3.0
11520,2019-10-09,0,0.0,-2.0
12960,2019-10-10,0,0.0,-2.0
14400,2019-10-11,0,0.0,-2.0
15840,2019-10-12,0,0.0,-2.0
17280,2019-10-13,0,0.0,-3.0
18720,2019-10-14,0,0.0,-2.0
20160,2019-10-15,0,0.0,-2.0
21600,2019-10-16,0,0.0,-3.0
23040,2019-10-17,0,0.0,-2.0
24480,2019-10-18,0,0.0,-2.0
25920,2019-10-19,0,0.0,-2.0
27360,2019-10-20,0,0.0,-2.0
28800,2019-10-21,0,0.0,-3.0
30240,2019-10-22,0,0.0,-3.0
31680,2019-10-23,0,0.0,-3.0
33120,2019-10-24,0,0.0,-2.0
34560,2019-10-25,0,0.0,-2.0
36000,2019-10-26,0,0.0,-2.0
37440,2019-10-27,0,0.0,-3.0
38880,2019-10-28,0,0.0,-2.0
40320,2019-10-29,0,0.0,-3.0
41760,2019-10-30,0,0.0,-3.0
43200,2019-10-31,0,0.0,-2.0
